0 0.9067095588235294 0.24193218954248366 0.07935049019607843 0.09375
0 0.7994791666666666 0.24816176470588236 0.07383578431372549 0.08619281045751634
0 0.6829044117647058 0.24295343137254902 0.061887254901960786 0.07577614379084968
0 0.6168811274509803 0.24989787581699346 0.0628063725490196 0.08272058823529412
0 0.5479473039215687 0.2670547385620915 0.05545343137254902 0.06719771241830065
0 0.48299632352941174 0.2653186274509804 0.05545343137254902 0.06658496732026144
0 0.42769607843137253 0.26889297385620914 0.041666666666666664 0.0647467320261438
0 0.3903186274509804 0.2732843137254902 0.03125 0.059640522875817
0 0.4180453431372549 0.5339052287581699 0.05667892156862745 0.06372549019607843
0 0.36565563725490197 0.5231821895424836 0.04197303921568627 0.06719771241830065
0 0.32643995098039214 0.5126633986928105 0.01991421568627451 0.06821895424836602
